DEEPSORT:
  REID_CKPT: "deep_sort_pytorch/deep_sort/deep/checkpoint/ckpt.t7"
  MAX_DIST: 0.8199021611575653  
  MIN_CONFIDENCE: 0.277356982154462  
  NMS_MAX_OVERLAP: 0.3517905682808773  
  MAX_IOU_DISTANCE: 0.7035030791739145 
  MAX_AGE: 197
  N_INIT: 12
  NN_BUDGET: 66
