DEEPSORT:
  MAX_AGE: 20
  MAX_DIST: 0.602604787792977
  MAX_IOU_DISTANCE: 0.4914923822662943
  MIN_CONFIDENCE: 0.6570719422128697
  NMS_MAX_OVERLAP: 0.5955547439901394
  NN_BUDGET: 68
  N_INIT: 12
  REID_CKPT: deep_sort_pytorch/deep_sort/deep/checkpoint/ckpt.t7
