DEEPSORT:
  MAX_AGE: 35
  MAX_DIST: 0.8092007165571478
  MAX_IOU_DISTANCE: 0.2763487683676296
  MIN_CONFIDENCE: 0.48664341321563576
  NMS_MAX_OVERLAP: 0.693181265988446
  NN_BUDGET: 26
  N_INIT: 7
  REID_CKPT: deep_sort_pytorch/deep_sort/deep/checkpoint/ckpt.t7
