DEEPSORT:
  MAX_AGE: 84
  MAX_DIST: 0.7428682329045836
  MAX_IOU_DISTANCE: 0.5997326490515456
  MIN_CONFIDENCE: 0.3748854117439665
  NMS_MAX_OVERLAP: 0.739052611656914
  NN_BUDGET: 103
  N_INIT: 2
  REID_CKPT: deep_sort_pytorch/deep_sort/deep/checkpoint/ckpt.t7
