DEEPSORT:
  MAX_AGE: 179
  MAX_DIST: 0.2629315756981669
  MAX_IOU_DISTANCE: 0.3339411340412037
  MIN_CONFIDENCE: 0.6806718318224285
  NMS_MAX_OVERLAP: 0.5553086656375459
  NN_BUDGET: 41
  N_INIT: 10
  REID_CKPT: deep_sort_pytorch/deep_sort/deep/checkpoint/ckpt.t7
