DEEPSORT:
  MAX_AGE: 168
  MAX_DIST: 0.7324479991133095
  MAX_IOU_DISTANCE: 0.20301845692826975
  MIN_CONFIDENCE: 0.48664341321563576
  NMS_MAX_OVERLAP: 0.7509495191981652
  NN_BUDGET: 57
  N_INIT: 3
  REID_CKPT: deep_sort_pytorch/deep_sort/deep/checkpoint/ckpt.t7
