DEEPSORT:
  MAX_AGE: 92
  MAX_DIST: 0.29055088490723574
  MAX_IOU_DISTANCE: 0.2348356037538131
  MIN_CONFIDENCE: 0.33534847162935977
  NMS_MAX_OVERLAP: 0.2091249872124303
  NN_BUDGET: 102
  N_INIT: 13
  REID_CKPT: deep_sort_pytorch/deep_sort/deep/checkpoint/ckpt.t7
