DEEPSORT:
  MAX_AGE: 122
  MAX_DIST: 0.5055742898016099
  MAX_IOU_DISTANCE: 0.857734295608729
  MIN_CONFIDENCE: 0.20820619135553287
  NMS_MAX_OVERLAP: 0.3727673146350159
  NN_BUDGET: 72
  N_INIT: 12
  REID_CKPT: deep_sort_pytorch/deep_sort/deep/checkpoint/ckpt.t7
