DEEPSORT:
  MAX_AGE: 105
  MAX_DIST: 0.9678792760965692
  MAX_IOU_DISTANCE: 0.6273742189270067
  MIN_CONFIDENCE: 0.42205240076560646
  NMS_MAX_OVERLAP: 0.36371549944353365
  NN_BUDGET: 63
  N_INIT: 10
  REID_CKPT: deep_sort_pytorch/deep_sort/deep/checkpoint/ckpt.t7
