DEEPSORT:
  MAX_AGE: 35
  MAX_DIST: 0.20404584131572417
  MAX_IOU_DISTANCE: 0.3290400242244944
  MIN_CONFIDENCE: 0.42955399543597983
  NMS_MAX_OVERLAP: 0.5363544681087129
  NN_BUDGET: 88
  N_INIT: 3
  REID_CKPT: deep_sort_pytorch/deep_sort/deep/checkpoint/ckpt.t7
