DEEPSORT:
  MAX_AGE: 136
  MAX_DIST: 0.6070727008309433
  MAX_IOU_DISTANCE: 0.7402045691241064
  MIN_CONFIDENCE: 0.21643966390446379
  NMS_MAX_OVERLAP: 0.5279540103378777
  NN_BUDGET: 49
  N_INIT: 14
  REID_CKPT: deep_sort_pytorch/deep_sort/deep/checkpoint/ckpt.t7
