DEEPSORT:
  MAX_AGE: 138
  MAX_DIST: 0.11460687529422217
  MAX_IOU_DISTANCE: 0.8334223178048521
  MIN_CONFIDENCE: 0.43236364971187946
  NMS_MAX_OVERLAP: 0.46591974148535364
  NN_BUDGET: 63
  N_INIT: 9
  REID_CKPT: deep_sort_pytorch/deep_sort/deep/checkpoint/ckpt.t7
