DEEPSORT:
  MAX_AGE: 86
  MAX_DIST: 0.9106262906314269
  MAX_IOU_DISTANCE: 0.4517755491965084
  MIN_CONFIDENCE: 0.22358056875059262
  NMS_MAX_OVERLAP: 0.458635974536278
  NN_BUDGET: 27
  N_INIT: 13
  REID_CKPT: deep_sort_pytorch/deep_sort/deep/checkpoint/ckpt.t7
