DEEPSORT:
  MAX_AGE: 189
  MAX_DIST: 0.6660421281825548
  MAX_IOU_DISTANCE: 0.336432528672374
  MIN_CONFIDENCE: 0.6369214124179982
  NMS_MAX_OVERLAP: 0.5984312715360873
  NN_BUDGET: 100
  N_INIT: 8
  REID_CKPT: deep_sort_pytorch/deep_sort/deep/checkpoint/ckpt.t7
