DEEPSORT:
  MAX_AGE: 92
  MAX_DIST: 0.3438060905413568
  MAX_IOU_DISTANCE: 0.671349332917447
  MIN_CONFIDENCE: 0.2663202853105887
  NMS_MAX_OVERLAP: 0.3637584291961474
  NN_BUDGET: 45
  N_INIT: 5
  REID_CKPT: deep_sort_pytorch/deep_sort/deep/checkpoint/ckpt.t7
