DEEPSORT:
  MAX_AGE: 180
  MAX_DIST: 0.19168830743869106
  MAX_IOU_DISTANCE: 0.8987927562925828
  MIN_CONFIDENCE: 0.277356982154462
  NMS_MAX_OVERLAP: 0.3238643626334075
  NN_BUDGET: 113
  N_INIT: 12
  REID_CKPT: deep_sort_pytorch/deep_sort/deep/checkpoint/ckpt.t7
