DEEPSORT:
  MAX_AGE: 54
  MAX_DIST: 0.800585750670342
  MAX_IOU_DISTANCE: 0.4046634600324522
  MIN_CONFIDENCE: 0.33564122594336077
  NMS_MAX_OVERLAP: 0.3056348235181244
  NN_BUDGET: 67
  N_INIT: 10
  REID_CKPT: deep_sort_pytorch/deep_sort/deep/checkpoint/ckpt.t7
