DEEPSORT:
  MAX_AGE: 45
  MAX_DIST: 0.7985149098178383
  MAX_IOU_DISTANCE: 0.6836075509313606
  MIN_CONFIDENCE: 0.696730972570155
  NMS_MAX_OVERLAP: 0.6019659054246513
  NN_BUDGET: 23
  N_INIT: 11
  REID_CKPT: deep_sort_pytorch/deep_sort/deep/checkpoint/ckpt.t7
