DEEPSORT:
  MAX_AGE: 118
  MAX_DIST: 0.2576587047858129
  MAX_IOU_DISTANCE: 0.7226915766003983
  MIN_CONFIDENCE: 0.3517523860245262
  NMS_MAX_OVERLAP: 0.7047034498879512
  NN_BUDGET: 43
  N_INIT: 5
  REID_CKPT: deep_sort_pytorch/deep_sort/deep/checkpoint/ckpt.t7
