DEEPSORT:
  MAX_AGE: 26
  MAX_DIST: 0.9332804131810278
  MAX_IOU_DISTANCE: 0.4842673136460279
  MIN_CONFIDENCE: 0.4917069534328285
  NMS_MAX_OVERLAP: 0.5053659331773922
  NN_BUDGET: 32
  N_INIT: 11
  REID_CKPT: deep_sort_pytorch/deep_sort/deep/checkpoint/ckpt.t7
