DEEPSORT:
  MAX_AGE: 183
  MAX_DIST: 0.4834957346491189
  MAX_IOU_DISTANCE: 0.25478437988222896
  MIN_CONFIDENCE: 0.24850671933869956
  NMS_MAX_OVERLAP: 0.5185068746546295
  NN_BUDGET: 88
  N_INIT: 12
  REID_CKPT: deep_sort_pytorch/deep_sort/deep/checkpoint/ckpt.t7
