DEEPSORT:
  MAX_AGE: 76
  MAX_DIST: 0.235635629039591
  MAX_IOU_DISTANCE: 0.4848517062971095
  MIN_CONFIDENCE: 0.3604980541413286
  NMS_MAX_OVERLAP: 0.6970860584980998
  NN_BUDGET: 26
  N_INIT: 14
  REID_CKPT: deep_sort_pytorch/deep_sort/deep/checkpoint/ckpt.t7
