DEEPSORT:
  MAX_AGE: 150
  MAX_DIST: 0.7708522316402007
  MAX_IOU_DISTANCE: 0.7300258374623918
  MIN_CONFIDENCE: 0.43236364971187946
  NMS_MAX_OVERLAP: 0.510042439664945
  NN_BUDGET: 80
  N_INIT: 10
  REID_CKPT: deep_sort_pytorch/deep_sort/deep/checkpoint/ckpt.t7
