DEEPSORT:
  MAX_AGE: 55
  MAX_DIST: 0.581127980979888
  MAX_IOU_DISTANCE: 0.4047698934304449
  MIN_CONFIDENCE: 0.2974092476153667
  NMS_MAX_OVERLAP: 0.6531402714080197
  NN_BUDGET: 109
  N_INIT: 2
  REID_CKPT: deep_sort_pytorch/deep_sort/deep/checkpoint/ckpt.t7
