DEEPSORT:
  MAX_AGE: 35
  MAX_DIST: 0.7041277343700242
  MAX_IOU_DISTANCE: 0.479528582823508
  MIN_CONFIDENCE: 0.5332751174029275
  NMS_MAX_OVERLAP: 0.5363544681087129
  NN_BUDGET: 88
  N_INIT: 3
  REID_CKPT: deep_sort_pytorch/deep_sort/deep/checkpoint/ckpt.t7
