DEEPSORT:
  MAX_AGE: 136
  MAX_DIST: 0.21476381427929142
  MAX_IOU_DISTANCE: 0.7713011096782336
  MIN_CONFIDENCE: 0.5088945749613045
  NMS_MAX_OVERLAP: 0.739052611656914
  NN_BUDGET: 103
  N_INIT: 13
  REID_CKPT: deep_sort_pytorch/deep_sort/deep/checkpoint/ckpt.t7
