DEEPSORT:
  MAX_AGE: 61
  MAX_DIST: 0.7708522316402007
  MAX_IOU_DISTANCE: 0.7300258374623918
  MIN_CONFIDENCE: 0.42205240076560646
  NMS_MAX_OVERLAP: 0.36371549944353365
  NN_BUDGET: 80
  N_INIT: 10
  REID_CKPT: deep_sort_pytorch/deep_sort/deep/checkpoint/ckpt.t7
