DEEPSORT:
  MAX_AGE: 91
  MAX_DIST: 0.5207436593225436
  MAX_IOU_DISTANCE: 0.6230556747824865
  MIN_CONFIDENCE: 0.6868282090770088
  NMS_MAX_OVERLAP: 0.6859745162717689
  NN_BUDGET: 119
  N_INIT: 3
  REID_CKPT: deep_sort_pytorch/deep_sort/deep/checkpoint/ckpt.t7
