DEEPSORT:
  MAX_AGE: 136
  MAX_DIST: 0.7428682329045836
  MAX_IOU_DISTANCE: 0.5367719893724207
  MIN_CONFIDENCE: 0.5088945749613045
  NMS_MAX_OVERLAP: 0.739052611656914
  NN_BUDGET: 88
  N_INIT: 2
  REID_CKPT: deep_sort_pytorch/deep_sort/deep/checkpoint/ckpt.t7
