DEEPSORT:
  MAX_AGE: 84
  MAX_DIST: 0.5171314573982836
  MAX_IOU_DISTANCE: 0.761517722683984
  MIN_CONFIDENCE: 0.6439129575148029
  NMS_MAX_OVERLAP: 0.632455795462509
  NN_BUDGET: 86
  N_INIT: 6
  REID_CKPT: deep_sort_pytorch/deep_sort/deep/checkpoint/ckpt.t7
