DEEPSORT:
  MAX_AGE: 73
  MAX_DIST: 0.4636485061456763
  MAX_IOU_DISTANCE: 0.462859460863826
  MIN_CONFIDENCE: 0.2744652895063113
  NMS_MAX_OVERLAP: 0.48896270065695846
  NN_BUDGET: 44
  N_INIT: 12
  REID_CKPT: deep_sort_pytorch/deep_sort/deep/checkpoint/ckpt.t7
