DEEPSORT:
  MAX_AGE: 16
  MAX_DIST: 0.5561141217061706
  MAX_IOU_DISTANCE: 0.25474775967301616
  MIN_CONFIDENCE: 0.43236364971187946
  NMS_MAX_OVERLAP: 0.510042439664945
  NN_BUDGET: 63
  N_INIT: 10
  REID_CKPT: deep_sort_pytorch/deep_sort/deep/checkpoint/ckpt.t7
