DEEPSORT:
  MAX_AGE: 165
  MAX_DIST: 0.46178051326817704
  MAX_IOU_DISTANCE: 0.5367719893724207
  MIN_CONFIDENCE: 0.5088945749613045
  NMS_MAX_OVERLAP: 0.7177585123336527
  NN_BUDGET: 113
  N_INIT: 2
  REID_CKPT: deep_sort_pytorch/deep_sort/deep/checkpoint/ckpt.t7
