DEEPSORT:
  MAX_AGE: 159
  MAX_DIST: 0.5141401028151259
  MAX_IOU_DISTANCE: 0.8726713360428868
  MIN_CONFIDENCE: 0.45260970724840943
  NMS_MAX_OVERLAP: 0.5583426506078505
  NN_BUDGET: 76
  N_INIT: 10
  REID_CKPT: deep_sort_pytorch/deep_sort/deep/checkpoint/ckpt.t7
