DEEPSORT:
  MAX_AGE: 138
  MAX_DIST: 0.7708522316402007
  MAX_IOU_DISTANCE: 0.8334223178048521
  MIN_CONFIDENCE: 0.42205240076560646
  NMS_MAX_OVERLAP: 0.510042439664945
  NN_BUDGET: 43
  N_INIT: 13
  REID_CKPT: deep_sort_pytorch/deep_sort/deep/checkpoint/ckpt.t7
