DEEPSORT:
  MAX_AGE: 47
  MAX_DIST: 0.6072545748918667
  MAX_IOU_DISTANCE: 0.7226437908502206
  MIN_CONFIDENCE: 0.2643841489263992
  NMS_MAX_OVERLAP: 0.23572538335861082
  NN_BUDGET: 67
  N_INIT: 4
  REID_CKPT: deep_sort_pytorch/deep_sort/deep/checkpoint/ckpt.t7
