DEEPSORT:
  MAX_AGE: 28
  MAX_DIST: 0.6006784136455204
  MAX_IOU_DISTANCE: 0.7105169200777477
  MIN_CONFIDENCE: 0.5839651487291373
  NMS_MAX_OVERLAP: 0.25921278156363164
  NN_BUDGET: 79
  N_INIT: 12
  REID_CKPT: deep_sort_pytorch/deep_sort/deep/checkpoint/ckpt.t7
