DEEPSORT:
  MAX_AGE: 194
  MAX_DIST: 0.7041277343700242
  MAX_IOU_DISTANCE: 0.3290400242244944
  MIN_CONFIDENCE: 0.6536415948624786
  NMS_MAX_OVERLAP: 0.5363544681087129
  NN_BUDGET: 25
  N_INIT: 8
  REID_CKPT: deep_sort_pytorch/deep_sort/deep/checkpoint/ckpt.t7
