DEEPSORT:
  MAX_AGE: 63
  MAX_DIST: 0.15881372204561073
  MAX_IOU_DISTANCE: 0.6989484313378339
  MIN_CONFIDENCE: 0.537580035423589
  NMS_MAX_OVERLAP: 0.6713476847689405
  NN_BUDGET: 88
  N_INIT: 3
  REID_CKPT: deep_sort_pytorch/deep_sort/deep/checkpoint/ckpt.t7
