DEEPSORT:
  MAX_AGE: 94
  MAX_DIST: 0.8853336930246101
  MAX_IOU_DISTANCE: 0.21941437564312444
  MIN_CONFIDENCE: 0.47444288236566123
  NMS_MAX_OVERLAP: 0.21616529668992915
  NN_BUDGET: 66
  N_INIT: 10
  REID_CKPT: deep_sort_pytorch/deep_sort/deep/checkpoint/ckpt.t7
