DEEPSORT:
  MAX_AGE: 112
  MAX_DIST: 0.7899079253509609
  MAX_IOU_DISTANCE: 0.6373277897719969
  MIN_CONFIDENCE: 0.3085512527699744
  NMS_MAX_OVERLAP: 0.3714661431116949
  NN_BUDGET: 26
  N_INIT: 8
  REID_CKPT: deep_sort_pytorch/deep_sort/deep/checkpoint/ckpt.t7
