DEEPSORT:
  MAX_AGE: 52
  MAX_DIST: 0.11460687529422217
  MAX_IOU_DISTANCE: 0.8334223178048521
  MIN_CONFIDENCE: 0.43236364971187946
  NMS_MAX_OVERLAP: 0.36371549944353365
  NN_BUDGET: 75
  N_INIT: 10
  REID_CKPT: deep_sort_pytorch/deep_sort/deep/checkpoint/ckpt.t7
