DEEPSORT:
  MAX_AGE: 78
  MAX_DIST: 0.2794870132026437
  MAX_IOU_DISTANCE: 0.7836780739687617
  MIN_CONFIDENCE: 0.31847282327405674
  NMS_MAX_OVERLAP: 0.28798266104649456
  NN_BUDGET: 89
  N_INIT: 5
  REID_CKPT: deep_sort_pytorch/deep_sort/deep/checkpoint/ckpt.t7
