DEEPSORT:
  MAX_AGE: 16
  MAX_DIST: 0.7708522316402007
  MAX_IOU_DISTANCE: 0.6460005993102325
  MIN_CONFIDENCE: 0.43236364971187946
  NMS_MAX_OVERLAP: 0.36371549944353365
  NN_BUDGET: 63
  N_INIT: 10
  REID_CKPT: deep_sort_pytorch/deep_sort/deep/checkpoint/ckpt.t7
