DEEPSORT:
  MAX_AGE: 74
  MAX_DIST: 0.7998589133491089
  MAX_IOU_DISTANCE: 0.2972218852355085
  MIN_CONFIDENCE: 0.5193842537959574
  NMS_MAX_OVERLAP: 0.6823474772885463
  NN_BUDGET: 116
  N_INIT: 12
  REID_CKPT: deep_sort_pytorch/deep_sort/deep/checkpoint/ckpt.t7
