DEEPSORT:
  MAX_AGE: 122
  MAX_DIST: 0.5326316717213595
  MAX_IOU_DISTANCE: 0.5089786618029248
  MIN_CONFIDENCE: 0.22814663113666278
  NMS_MAX_OVERLAP: 0.544913465227567
  NN_BUDGET: 114
  N_INIT: 13
  REID_CKPT: deep_sort_pytorch/deep_sort/deep/checkpoint/ckpt.t7
