DEEPSORT:
  MAX_AGE: 22
  MAX_DIST: 0.41444065239392536
  MAX_IOU_DISTANCE: 0.22289733360344
  MIN_CONFIDENCE: 0.3585747157630509
  NMS_MAX_OVERLAP: 0.36897298397735645
  NN_BUDGET: 71
  N_INIT: 10
  REID_CKPT: deep_sort_pytorch/deep_sort/deep/checkpoint/ckpt.t7
