DEEPSORT:
  MAX_AGE: 147
  MAX_DIST: 0.5623980470076806
  MAX_IOU_DISTANCE: 0.6295035446361972
  MIN_CONFIDENCE: 0.6427259932129661
  NMS_MAX_OVERLAP: 0.7549204299113583
  NN_BUDGET: 77
  N_INIT: 9
  REID_CKPT: deep_sort_pytorch/deep_sort/deep/checkpoint/ckpt.t7
