DEEPSORT:
  MAX_AGE: 120
  MAX_DIST: 0.7041277343700242
  MAX_IOU_DISTANCE: 0.3290400242244944
  MIN_CONFIDENCE: 0.5332751174029275
  NMS_MAX_OVERLAP: 0.693181265988446
  NN_BUDGET: 26
  N_INIT: 5
  REID_CKPT: deep_sort_pytorch/deep_sort/deep/checkpoint/ckpt.t7
