DEEPSORT:
  MAX_AGE: 180
  MAX_DIST: 0.19168830743869106
  MAX_IOU_DISTANCE: 0.7035030791739145
  MIN_CONFIDENCE: 0.277356982154462
  NMS_MAX_OVERLAP: 0.3517905682808773
  NN_BUDGET: 78
  N_INIT: 13
  REID_CKPT: deep_sort_pytorch/deep_sort/deep/checkpoint/ckpt.t7
