DEEPSORT:
  MAX_AGE: 140
  MAX_DIST: 0.17124790335458018
  MAX_IOU_DISTANCE: 0.8070848106297166
  MIN_CONFIDENCE: 0.48664341321563576
  NMS_MAX_OVERLAP: 0.7509495191981652
  NN_BUDGET: 76
  N_INIT: 3
  REID_CKPT: deep_sort_pytorch/deep_sort/deep/checkpoint/ckpt.t7
