DEEPSORT:
  MAX_AGE: 95
  MAX_DIST: 0.9211181333336957
  MAX_IOU_DISTANCE: 0.26422287824717033
  MIN_CONFIDENCE: 0.6182781931022188
  NMS_MAX_OVERLAP: 0.5763723229194919
  NN_BUDGET: 103
  N_INIT: 12
  REID_CKPT: deep_sort_pytorch/deep_sort/deep/checkpoint/ckpt.t7
