DEEPSORT:
  MAX_AGE: 52
  MAX_DIST: 0.890842396599364
  MAX_IOU_DISTANCE: 0.3688283877704916
  MIN_CONFIDENCE: 0.5143443023462801
  NMS_MAX_OVERLAP: 0.7447537326319538
  NN_BUDGET: 99
  N_INIT: 9
  REID_CKPT: deep_sort_pytorch/deep_sort/deep/checkpoint/ckpt.t7
