DEEPSORT:
  MAX_AGE: 35
  MAX_DIST: 0.7324479991133095
  MAX_IOU_DISTANCE: 0.8070848106297166
  MIN_CONFIDENCE: 0.48664341321563576
  NMS_MAX_OVERLAP: 0.5363544681087129
  NN_BUDGET: 76
  N_INIT: 4
  REID_CKPT: deep_sort_pytorch/deep_sort/deep/checkpoint/ckpt.t7
