DEEPSORT:
  MAX_AGE: 128
  MAX_DIST: 0.23093180044510186
  MAX_IOU_DISTANCE: 0.5141645732242395
  MIN_CONFIDENCE: 0.3476043406613809
  NMS_MAX_OVERLAP: 0.23159152924161333
  NN_BUDGET: 53
  N_INIT: 14
  REID_CKPT: deep_sort_pytorch/deep_sort/deep/checkpoint/ckpt.t7
