DEEPSORT:
  MAX_AGE: 81
  MAX_DIST: 0.12734669906125168
  MAX_IOU_DISTANCE: 0.7119916008822653
  MIN_CONFIDENCE: 0.5096950807992362
  NMS_MAX_OVERLAP: 0.724889922843559
  NN_BUDGET: 63
  N_INIT: 14
  REID_CKPT: deep_sort_pytorch/deep_sort/deep/checkpoint/ckpt.t7
